       6       8      17      23      27      32      33      41      42      44
      49      52      64      71      73      83      93     100     109     117
     119     123     124     130     139     145     146     150     160     166
     170     172     176     179     182     186     191     192     193     194
     198     199     202     207     210     216     220     222     225     227
     232     234     242     244     259     263     270     276     277     282
     302     304     305     313     314     317     320     321     322     326
     330     331     341     346     353     360     364     370     371     373
     386     388     396     399     409     421     422     423     424     428
     432     434     436     437     438     444     446     447     448     451
     463     465     466     471     475     477     484     494     505     506
     510     521     524     526     527     528     529     532     537     541
     552     556     564     565     567     568     576     584     590     591
     593     594     597     598     607     620     624     625     626     640
     647     671     673     674     676     678     684     686     687     691
     693     697     701     711     712     715     725     733     736     744
     745     748     760     776     785     787     793     795     799     805
     825     832     833     836     853     869     872     874     875     887
     893     900     906     917     920     921     929     930     931     938
     939     942     946     948     949     956     978     981     983     993
     995    1003    1007    1008    1009    1011    1014    1017    1018    1019
    1023    1027    1030    1032    1035    1043    1056    1057    1061    1066
    1083    1090    1091    1092    1096    1101    1108    1110    1114    1116
    1119    1120    1124    1127    1128    1129    1132    1139    1159    1172
    1173    1175    1180    1185    1186    1190    1197    1206    1212    1214
    1215    1218    1229    1232    1233    1234    1235    1239    1240    1241
    1244    1255    1268    1269    1273    1274    1275    1277    1279    1280
    1298    1306    1308    1312    1313    1315    1317    1325    1326    1328
    1335    1340    1342    1348    1358    1364    1368    1369    1373    1374
    1380    1386    1387    1396    1403    1411    1417    1418    1419    1431
    1434    1438    1450    1451    1457    1463    1465    1470    1471    1484
    1485    1486    1487    1496    1498    1504    1506    1507    1508    1512
    1515    1518    1523    1529    1532    1540    1541    1547    1550    1551
    1569    1574    1575    1576    1579    1581    1582    1585    1590    1593
    1594    1595    1597    1600    1603    1607    1608    1611    1612    1614
    1620    1624    1632    1636    1638    1643    1648    1649    1655    1657
    1658    1659    1660    1661    1662    1666    1667    1668    1672    1677
    1678    1679    1680    1688    1694    1698    1699    1702    1704    1708
    1710    1713    1716    1718    1721    1747    1758    1782    1786    1787
    1789    1793    1796    1803    1809    1810    1816    1819    1821    1827
    1831    1833    1835    1842    1843    1848    1850    1860    1863    1881
    1893    1901    1903    1908    1914    1930    1942    1950    1953    1961
    1965    1966    1974    1983    1986    2007    2008    2021    2025    2029
    2040    2042    2045    2046    2048    2051    2052    2056    2059    2061
    2062    2075    2087    2088    2097    2099    2104    2113    2118    2126
    2128    2133    2135    2138    2139    2145    2147    2151    2158    2167
    2179    2181    2183    2185    2192    2195    2196    2199    2202    2203
    2210    2215    2217    2221    2234    2237    2241    2247    2248    2254
    2260    2265    2266    2268    2275    2276    2278    2285    2290    2304
    2307    2312    2313    2316    2320    2322    2325    2328    2350    2351
    2361    2367    2369    2371    2375    2387    2395    2396    2398    2404
    2408    2411    2415    2416    2421    2429    2434    2436    2447    2448
    2467    2473    2476    2478    2497    2501    2513    2518    2519    2521
    2525    2529    2530    2531    2532    2534    2538    2540    2541    2546
    2563    2570    2571    2587    2589    2594    2597    2604    2611    2615
    2622    2623    2625    2629    2635    2644    2647    2662    2687    2689
    2690    2709    2710    2714    2715    2716    2725    2727    2729    2737
    2739    2740    2744    2748    2749    2750    2752    2754    2756    2762
    2776    2778    2784    2786    2795    2806    2817    2823    2831    2836
    2843    2845    2848    2852    2854    2856    2857    2868    2869    2873
    2874    2878    2889    2891    2898    2900    2903    2904    2905    2909
    2910    2913    2914    2928    2929    2930    2933    2942    2943    2945
    2949    2950    2979    2999    3007    3011    3016    3027    3030    3032
    3044    3046    3050    3051    3053    3062    3065    3078    3087    3094
    3096    3101    3104    3107    3111    3112    3113    3118    3126    3127
    3133    3146    3147    3148    3153    3158    3162    3164    3170    3180
    3187    3193    3196    3207    3225    3231    3235    3239    3241    3257
    3264    3270    3272    3276    3283    3284    3289    3294    3296    3298
    3310    3313    3314    3317    3318    3328    3340    3341    3348    3353
    3363    3366    3372    3377    3379    3385    3386    3396    3397    3401
    3402    3408    3409    3412    3425    3429    3445    3456    3462    3473
    3478    3484    3492    3496    3508    3510    3512    3529    3540    3545
    3553    3555    3556    3559    3579    3590    3595    3599    3613    3625
    3637    3645    3651    3654    3657    3662    3664    3665    3667    3668
    3671    3672    3676    3680    3681    3682    3693    3694    3696    3700
    3701    3706    3718    3724    3747    3750    3751    3755    3756    3758
    3766    3769    3773    3776    3780    3791    3798    3812    3815    3822
    3830    3832    3834    3842    3843    3857    3858    3878    3881    3889
    3899    3905    3906    3908    3926    3928    3937    3939    3941    3950
    3963    3964    3965    3966    3974    3975    3979    3982    3987    3989
    3991    3997    3998    4001    4004    4008    4009    4012    4013    4016
    4020    4023    4025    4027    4035    4039    4042    4048    4049    4050
    4066    4068    4070    4073    4077    4078    4111    4114    4116    4118
    4124    4139    4170    4176    4177    4180    4186    4195    4196    4197
    4208    4210    4211    4214    4216    4218    4220    4224    4227    4230
    4241    4245    4256    4258    4259    4260    4263    4266    4268    4273
    4309    4314    4316    4319    4320    4327    4344    4345    4347    4349
    4350    4351    4355    4360    4371    4375    4376    4378    4382    4389
    4390    4400    4401    4403    4405    4409    4413    4414    4417    4419
    4428    4430    4431    4438    4440    4445    4451    4453    4456    4466
    4477    4483    4485    4487    4497    4507    4511    4513    4518    4522
    4528    4531    4534    4535    4549    4560    4567    4570    4577    4581
    4582    4585    4589    4590    4591    4596    4608    4630    4633    4641
    4642    4644    4658    4667    4668    4669    4673    4674    4678    4682
    4687    4698    4700    4701    4722    4724    4725    4728    4737    4738
    4744    4748    4749    4753    4755    4757    4759    4765    4766    4773
    4777    4785    4787    4792    4807    4815    4818    4827    4828    4831
    4832    4836    4838    4843    4851    4856    4864    4866    4869    4873
    4874    4889    4891    4893    4898    4902    4911    4915    4916    4918
    4930    4952    4956    4957    4960    4963    4977    4982    4985    4992
