    4992    4985    4982    4977    4963    4960    4957    4956    4952    4930
    4918    4916    4915    4911    4902    4898    4893    4891    4889    4874
    4873    4869    4866    4864    4856    4851    4843    4838    4836    4832
    4831    4828    4827    4818    4815    4807    4792    4787    4785    4777
    4773    4766    4765    4759    4757    4755    4753    4749    4748    4744
    4738    4737    4728    4725    4724    4722    4701    4700    4698    4687
    4682    4678    4674    4673    4669    4668    4667    4658    4644    4642
    4641    4633    4630    4608    4596    4591    4590    4589    4585    4582
    4581    4577    4570    4567    4560    4549    4535    4534    4531    4528
    4522    4518    4513    4511    4507    4497    4487    4485    4483    4477
    4466    4456    4453    4451    4445    4440    4438    4431    4430    4428
    4419    4417    4414    4413    4409    4405    4403    4401    4400    4390
    4389    4382    4378    4376    4375    4371    4360    4355    4351    4350
    4349    4347    4345    4344    4327    4320    4319    4316    4314    4309
    4273    4268    4266    4263    4260    4259    4258    4256    4245    4241
    4230    4227    4224    4220    4218    4216    4214    4211    4210    4208
    4197    4196    4195    4186    4180    4177    4176    4170    4139    4124
    4118    4116    4114    4111    4078    4077    4073    4070    4068    4066
    4050    4049    4048    4042    4039    4035    4027    4025    4023    4020
    4016    4013    4012    4009    4008    4004    4001    3998    3997    3991
    3989    3987    3982    3979    3975    3974    3966    3965    3964    3963
    3950    3941    3939    3937    3928    3926    3908    3906    3905    3899
    3889    3881    3878    3858    3857    3843    3842    3834    3832    3830
    3822    3815    3812    3798    3791    3780    3776    3773    3769    3766
    3758    3756    3755    3751    3750    3747    3724    3718    3706    3701
    3700    3696    3694    3693    3682    3681    3680    3676    3672    3671
    3668    3667    3665    3664    3662    3657    3654    3651    3645    3637
    3625    3613    3599    3595    3590    3579    3559    3556    3555    3553
    3545    3540    3529    3512    3510    3508    3496    3492    3484    3478
    3473    3462    3456    3445    3429    3425    3412    3409    3408    3402
    3401    3397    3396    3386    3385    3379    3377    3372    3366    3363
    3353    3348    3341    3340    3328    3318    3317    3314    3313    3310
    3298    3296    3294    3289    3284    3283    3276    3272    3270    3264
    3257    3241    3239    3235    3231    3225    3207    3196    3193    3187
    3180    3170    3164    3162    3158    3153    3148    3147    3146    3133
    3127    3126    3118    3113    3112    3111    3107    3104    3101    3096
    3094    3087    3078    3065    3062    3053    3051    3050    3046    3044
    3032    3030    3027    3016    3011    3007    2999    2979    2950    2949
    2945    2943    2942    2933    2930    2929    2928    2914    2913    2910
    2909    2905    2904    2903    2900    2898    2891    2889    2878    2874
    2873    2869    2868    2857    2856    2854    2852    2848    2845    2843
    2836    2831    2823    2817    2806    2795    2786    2784    2778    2776
    2762    2756    2754    2752    2750    2749    2748    2744    2740    2739
    2737    2729    2727    2725    2716    2715    2714    2710    2709    2690
    2689    2687    2662    2647    2644    2635    2629    2625    2623    2622
    2615    2611    2604    2597    2594    2589    2587    2571    2570    2563
    2546    2541    2540    2538    2534    2532    2531    2530    2529    2525
    2521    2519    2518    2513    2501    2497    2478    2476    2473    2467
    2448    2447    2436    2434    2429    2421    2416    2415    2411    2408
    2404    2398    2396    2395    2387    2375    2371    2369    2367    2361
    2351    2350    2328    2325    2322    2320    2316    2313    2312    2307
    2304    2290    2285    2278    2276    2275    2268    2266    2265    2260
    2254    2248    2247    2241    2237    2234    2221    2217    2215    2210
    2203    2202    2199    2196    2195    2192    2185    2183    2181    2179
    2167    2158    2151    2147    2145    2139    2138    2135    2133    2128
    2126    2118    2113    2104    2099    2097    2088    2087    2075    2062
    2061    2059    2056    2052    2051    2048    2046    2045    2042    2040
    2029    2025    2021    2008    2007    1986    1983    1974    1966    1965
    1961    1953    1950    1942    1930    1914    1908    1903    1901    1893
    1881    1863    1860    1850    1848    1843    1842    1835    1833    1831
    1827    1821    1819    1816    1810    1809    1803    1796    1793    1789
    1787    1786    1784    1758    1747    1721    1718    1716    1713    1710
    1708    1704    1702    1699    1698    1694    1688    1680    1679    1678
    1677    1672    1668    1667    1666    1662    1661    1660    1659    1658
    1657    1655    1649    1648    1643    1638    1636    1632    1624    1620
    1614    1612    1611    1608    1607    1603    1600    1597    1595    1594
    1593    1590    1585    1582    1581    1579    1576    1575    1574    1569
    1551    1550    1547    1541    1540    1532    1529    1523    1518    1515
    1512    1508    1507    1506    1504    1498    1496    1487    1486    1485
    1484    1471    1470    1465    1463    1457    1451    1450    1438    1434
    1431    1419    1418    1417    1411    1403    1396    1387    1386    1380
    1374    1373    1369    1368    1364    1358    1348    1342    1340    1335
    1328    1326    1325    1317    1315    1313    1312    1308    1306    1298
    1280    1279    1277    1275    1274    1273    1269    1268    1255    1244
    1241    1240    1239    1235    1234    1233    1232    1229    1218    1215
    1214    1212    1206    1197    1190    1186    1185    1180    1175    1173
    1172    1159    1139    1132    1129    1128    1127    1124    1120    1119
    1116    1114    1110    1108    1101    1096    1092    1091    1090    1083
    1066    1061    1057    1056    1043    1035    1032    1030    1027    1023
    1019    1018    1017    1014    1011    1009    1008    1007    1003     995
     993     983     981     978     956     949     948     946     942     939
     938     931     930     929     921     920     917     906     900     893
     887     875     874     872     869     853     836     833     832     825
     805     799     795     793     787     785     776     760     748     745
     744     736     733     725     715     712     711     701     697     693
     691     687     686     684     678     676     674     673     671     647
     640     626     625     624     620     607     598     597     594     593
     591     590     584     576     568     567     565     564     556     552
     541     537     532     529     528     527     526     524     521     510
     506     505     494     484     477     475     471     466     465     463
     451     448     447     446     444     438     437     436     434     432
     428     424     423     422     421     409     399     396     388     386
     373     371     370     364     360     353     346     341     331     330
     326     322     321     320     317     314     313     305     304     302
     282     277     276     270     263     259     244     242     234     232
     227     225     222     220     216     210     207     202     199     198
     194     193     192     191     186     182     179     176     172     170
     166     160     150     146     145     139     130     124     123     119
     117     109     100      93      83      73      71      64      52      49
      44      42      41      33      32      27      23      17       8       6
