    1893    1661    3671    2448      42    1930    4856    1120    4078    2395
    2075     832    4725    3372    1009    2836    4807    2929     276     711
    4360    1197    2467    2056    4316    4485    2727    1679     210     484
    3087    4025    2048    4456    3842     640    4560     900    3044    2750
     697    3815     938    1787    4737    4773    4785    4197    1274    2909
    1603    4528     330    1403    1796    4023    3111     983    1532    3353
    1523    3773    3822     567    4893    2398    2848    1716    4016    2215
    3284    1942    1239    3193    2367    1173    2145    2087    2754     234
    1649     875    1306     346    4445    3843    1506    3579    2891     893
    1172     942    1431    2196    2571      17    4227    3798    2715    3908
    2529    4960    1713      73    4314    2254    3118    1680    2221     930
    4216    2436    4186     949    3425    1974     887    2756    2900    1961
    3164    1268    4214    4389    4050     465    1386    2128    4401    1340
    1632     146    2538    3555    1214    3751     386     701    3830    3146
    2689    1638    1066    2776    4985     232    3590     139     331     795
    3158    2265    4902    3318     712    3276     785    2950    4570    3386
    1611    1206    2831    2928     505    3272    4070    2739    3776    1827
    3235     671    4196    4350    4403    1620    4608    1643     946    4757
    1255      71    4843     242    1594    1810    2898    2778    2714      52
    4273    2521     437    1688    2088     124     678    3769    3693     564
    1119    4669    1280    3696    1600    4511    4008    4309    3107    2266
    2823    4263    3672    4753    1965    3078    1607    4382    2687    3412
    3379    2945    4124    2133     598    3496    1325    1950    3170     939
    3667    1110    2183    1419    2868     733    3556    4828    2873    4073
    3113    3062    3104    1090    3408    2546    3654     833    3724    1411
     552      49    4371    4722     466    1648     594    3492    1486    2748
    3701    1057     446    3065    4256    2740    4466    4818     130    4375
     687    1597    1374    2729    4077    4451    2325     736    1508    4642
    3094     529    2709    2203    2021      27    1235    2104      32    2843
    4260     691    2275    4748    3007    1233    3812    4042    2248    1159
     825    1903    2369    1699    1512    4596    3950    4039    1708     799
    3313    1966    4918    2062    3478    3881    2762    4487    4224    2234
    4815    4522    4118    3975    2241    3296    2371    1032    4344    3126
    2210    2532    4351    4874    3032    2316    1986    2629    1608    1396
     193    4049     447    1116    3758    4349     620    1139    1312    4992
    3341     647    1581    4549    3963    2396    2411    3429    2615    4864
    2725    1667    3905     568    4230    2856     590    1666    4419     744
    3964    2519    4195    4012    1438    4765    4116     929    3599    4531
    2192     145    1232    2869     353    2611    1821    3979    2290    4633
    2795    1529    1659    2202    1518    1515    2903    4891     451       6
    1507    1901    1326     836    4836    2179    3239    3926    3310    3595
    3878    2623     625    3153      44    2949    4513    3053    4673     725
    1540     684     428     302    1668    2151    4728    4701    2563    3340
     186    3939    1881     537     320    1484    1229     506    2268    3665
    2806    1710    3348    3832    2930    3553    4004    3409    4982    4838
    1101    4869    3207    1035    4567    2587     521     981    1803    1678
    3148     776    2622      41    1721    3991    2045    4211    4582    2749
    1593    2854    3046    2644     123    2817    3780    2361    1718    1019
    2135    2647    2530    1547    2375    1017    3257    4327    1234     591
    1275    3180    1215    1358    4245    2158    2040     207    1023    2276
     906    3680    2716    1380    1624    2914    1463    4035    1636     434
    4744    4009    2008    1043    1672    2025     202    1007     432    3050
    1364     532    1175    2625    3637    3231    4667     259    4759    1434
    2421    4792    1008    4220     475     541    1348     263    3397    4700
     192    1114     198    3328    4851    1061    1369    1819     693    1091
    1185    3657    3016    4268     920    1551     556    3101    2029      64
    3298    2476    4678    1657    3314    4641    4428    1569    3510     244
     117    1018    2690     805    2904    1612    1702    4405    2540    3133
    2304    1471    1269    4518    4431    1244     305    2570    1704    4001
    3396    4355    4832    3974    4241    1831    3668    2784     370    2857
    2594    1504    4507    3791    2126    1127     160    1003    2910    4378
    4963    1485    1315      93    1056    4831     317    1550     172    4787
    2313    2061     978    4438    3147     277     524    2744    1848    1850
     674    4898     270    4873    2501    3662    4376    2042     166      33
    2913    1677    4658     444    2320    2874     715     921    2889    4218
    4766    3899    3651    1417    3445    4630    3928    4777    2285     176
    4266    4589    1816    2933    2737    1212    3508    3545    4409    2635
    3512    1747    2662    4956    1450     565    4259     409    4048    2786
    4577     494    2051    4170     526     423    1579     993     199    3645
    3540    1541    2589     853    2534    2999    1585    3682     326     424
    3613     995    4668     869    3127     222    1241    3225     314    4698
     313    1368    1789    4027    3998    3676    1614    1487    4400     624
    3484    1342    2905     399    4440    1655     388    3456     576    4177
    2052    4417    3989    4319    1027    1451    3889     686    3625    2604
    4068    1575     745     760    2260    4916    3270    1092    1335    4320
    3694    1418    2513    2195    3858     527    2278     179     510    3756
    2752    1313    1843    1662    2878    2097    1457    1983    1387     373
    2416    1582     438    3473     227    1030    3750    3857    1914    4977
    2387    4535    4345    3289    3906      83    4414     220    4724    1758
    1793    4644     676    2199    1186    3937    2322    3030    1835    1124
     341    3664    4687    1595    4453    4911    3051    4952    2328    4114
     182      23     225    3283    3011    2531    4930    1096    4020    4139
    2138    2217    3241    2845     150    3529    1277    2942    1240     917
    1011    1842     463    4682     448    4258    2478    4180    3027     191
    4581    4866    3747    3317    4413    2147    4957     322     364     170
    2473    1132    4915    2046    3162       8    3187    3294    2007     396
    4674    1328    1498     371    1694    2429    4210    2312    3834    2307
    3096     109    2404    1590     593    4176     436    3385    2541    4749
    3997     872    3401     100    3966     948    1833    3941    1373    2237
    3559    4889    2118    4755    3377    1298    2139    1190    2247     793
     304    2351    3112     477    2434    2350    1658    3965    1129    1108
    4013    4066    2185    1786     584     874    1953    4430     673    4827
    4483     607    1698     422    2415     597    2059    4390    3402    3987
     748    1014    4477    3366     216    3766    2181    2408    1860     528
    1317    1809    4585    3196    2597    1308    1273     194     421     282
     471     321    3982    1465     119    2447    2979    3264    2710    1574
    1083    2113     787    2099    1279    3718    3706    3363    4534    3700
    4590    4497    1470    4111    1218    1576     626    3462    1908    2518
    1660    2497    2852     360    2167     956    3681    1180    1128    4591
    3755    1863    2525    4738     931    1496    2943    4208    4347    1782
